%YAML:1.0
---
cameras:
   -
      t: !!opencv-matrix
         rows: 3
         cols: 1
         dt: d
         data: [ 3.1722908502348818e-01, 4.6607660328598652e-03,
             9.2108190130109388e-02 ]
      r: !!opencv-matrix
         rows: 3
         cols: 3
         dt: d
         data: [ 8.6963272467202701e-01, 2.5611249829858452e-03,
             -4.9369258128751342e-01, 1.5457076042431855e-02,
             9.9935506988442746e-01, 3.2411774041381597e-02,
             4.9345719467824661e-01, -3.5817383141606318e-02,
             8.6903228483478234e-01 ]
      k: !!opencv-matrix
         rows: 3
         cols: 3
         dt: d
         data: [ 7.7339720942051133e+02, 0., 2.8789137376513975e+02, 0.,
             7.7671618496258179e+02, 2.3136114913021564e+02, 0., 0., 1. ]
      d: !!opencv-matrix
         rows: 1
         cols: 5
         dt: d
         data: [ -6.5576698230477806e-02, -4.7392248780011448e-01,
             -5.7175905182575678e-03, -2.2201234485322127e-03,
             2.7895013181766002e+00 ]
   -
      t: !!opencv-matrix
         rows: 3
         cols: 1
         dt: d
         data: [ -3.1422302589561446e-01, -8.6659639312489762e-04,
             1.0248358582671023e-01 ]
      r: !!opencv-matrix
         rows: 3
         cols: 3
         dt: d
         data: [ 8.7043396710894483e-01, 2.0841512829770221e-02,
             4.9184381692357471e-01, 1.7576263273908280e-04,
             9.9909019798512644e-01, -4.2646751312822896e-02,
             -4.9228515924256877e-01, 3.7207628693687968e-02,
             8.6963838137268956e-01 ]
      k: !!opencv-matrix
         rows: 3
         cols: 3
         dt: d
         data: [ 7.7555439837423614e+02, 0., 3.1477486599371264e+02, 0.,
             7.7699486780013603e+02, 2.1945625340835542e+02, 0., 0., 1. ]
      d: !!opencv-matrix
         rows: 1
         cols: 5
         dt: d
         data: [ -1.1404753053709260e-01, 1.4541774614776706e-01,
             2.8725709855532240e-04, -2.8712769278016765e-03,
             5.1233450484862209e-01 ]
   -
      t: !!opencv-matrix
         rows: 3
         cols: 1
         dt: f
         data: [ 0., 0., 0. ]
      r: !!opencv-matrix
         rows: 3
         cols: 3
         dt: f
         data: [ 1., 0., 0., 0., 1., 0., 0., 0., 1. ]
      k: !!opencv-matrix
         rows: 3
         cols: 3
         dt: d
         data: [ 7.6033777526969902e+02, 0., 3.0151488186782291e+02, 0.,
             7.5931633530575982e+02, 2.2623232965440928e+02, 0., 0., 1. ]
      d: !!opencv-matrix
         rows: 1
         cols: 5
         dt: d
         data: [ -1.6299673225573669e-01, 6.8169663731260410e-01,
             -3.0840363902212727e-04, -8.3622945298044728e-04,
             -2.2242724411441999e+00 ]
